

TREE # 1

  0  0.0000  70641.956553  x:  2.00000   1.00000  
  1 99.0000  38203.979738  x:  5.08235   0.00010  
  2 88.3257  34111.041589  x:  5.97039   0.00112  
  3 879.2441  33756.066903  x:  2.31135   0.00110  
  4 1209.0389  33719.797593  x:  1.66008   0.00098  
  5  0.1179  33672.196410  x:  1.65863   0.00082  
  6  0.0050  33672.158154  x:  1.67610   0.00082  
  7  0.0473  33672.157830  x:  1.67784   0.00082  
  8  0.0182  33672.157830  x:  1.67784   0.00082  
  9  0.0166  33672.157830  x:  1.67784   0.00082  
 10  0.0075  33672.157830  x:  1.67784   0.00082  
check convergence!
