

TREE # 1

  0  0.0000  79862.406645  x:  1.16399   0.85941   0.83839  
  1 99.0000  61822.713282  x:  1.91656   0.00010   0.79803  
  2 85.4618  57231.635424  x:  2.06061   0.00135   0.79030  
  3 98.9440  44448.359522  x:  2.48307   0.00136   0.00010  
  4 377.0886  43021.967824  x:  2.76738   0.00136   0.00132  
  5 185.6672  42947.032242  x:  1.95268   0.00135   0.00131  
  6 290.8979  42946.583656  x:  1.89825   0.00135   0.00131  
  7  0.0701  42944.850779  x:  1.90945   0.00138   0.00124  
  8  0.0014  42944.842950  x:  1.91410   0.00138   0.00124  
  9  0.0016  42944.836494  x:  1.91809   0.00138   0.00124  
 10  0.0030  42944.835455  x:  1.91882   0.00138   0.00124  
 11  0.0023  42944.835396  x:  1.91893   0.00138   0.00124  
 12  0.0011  42944.835394  x:  1.91894   0.00138   0.00124  
 13  0.0009  42944.835393  x:  1.91895   0.00138   0.00124  
 14  0.0008  42944.835393  x:  1.91895   0.00138   0.00124  
 15  0.0009  42944.835353  x:  1.91890   0.00138   0.00124  