

TREE # 1

  0  0.0000  79869.711414  x:  0.95190   1.16184   0.90041  
  1 99.0000  66931.817862  x:  0.23949   1.50362   0.00010  
  2  9.3552  64851.619490  x:  0.23065   1.50786   0.00097  
  3 10.1733  45541.451048  x:  3.94655   0.00010   0.00103  
  4 940.2154  43965.567649  x:  5.68612   0.00096   0.00105  
  5 3567.3468  43092.317740  x:  1.45371   0.00093   0.00099  
  6 1201.1466  42928.165217  x:  2.47327   0.00098   0.00148  
  7  0.1274  42871.054898  x:  1.90064   0.00098   0.00157  
  8  1.9439  42870.569313  x:  1.88809   0.00100   0.00156  
  9  0.0016  42870.439871  x:  1.91433   0.00101   0.00156  
 10  0.0188  42870.423212  x:  1.91550   0.00102   0.00157  
 11  0.0018  42870.422917  x:  1.91608   0.00102   0.00157  
 12  0.0027  42870.422917  x:  1.91608   0.00102   0.00157  
 13  0.0018  42870.422897  x:  1.91613   0.00102   0.00157  
 14  0.0007  42870.422897  x:  1.91613   0.00102   0.00157  
 15  0.0017  42870.422874  x:  1.91611   0.00102   0.00157  
 16  0.0018  42870.422874  x:  1.91611   0.00102   0.00157  