

TREE # 1

  0  0.0000 167124.214422  x:  1.18549   1.07998   1.01594  
  1 99.0000 131546.067817  x: 78.28909  15.42858   0.00010  
  2 89.0295 131546.067817  x: 78.28909  15.42858   0.00010  
  3 545986.4019 130896.171511  x: 78.28909  15.42858   0.02614  
  4 564001.2763 115773.275711  x: 383.75438  131.76098   0.03728  
  5 216.3540 115553.170254  x: 372.12532  165.86015   0.04399  
  6  4.5035 115365.408580  x: 336.36913  253.28433   0.06414  
  7 37.0269 115291.018659  x: 343.54074  245.99214   0.07006  
  8  1.2785 114895.635104  x: 420.09061  163.66250   0.14284  
  9 74.4417 114763.326840  x: 399.48656  241.49329   0.19632  
 10 34.5089 114657.729842  x: 448.86101  196.44850   0.30108  
 11 15.1711 114588.378851  x: 412.78939  243.13098   0.38192  
 12  9.3813 114480.528196  x: 418.54868  175.01615   0.53198  
 13 16.7649 114460.194734  x: 393.89758  184.70192   0.58009  
 14 23.3093 114458.865002  x: 392.50052  178.06361   0.59454  
 15  8.7321 114458.864632  x: 392.56828  177.96722   0.59450  
 16  0.1262 114458.864614  x: 392.54694  177.95595   0.59436  
 17  0.0044 114458.864609  x: 392.55037  177.96175   0.59427  
 18  0.0053 114458.864609  x: 392.55037  177.96175   0.59427  
 19  0.0002 114458.864609  x: 392.55037  177.96175   0.59427  