

TREE # 1

  0  0.0000  98634.451911  x:  2.00000   1.00000  
  1 99.0000  57261.259456  x:  5.37566   0.00010  
  2 91.3466  50240.109880  x:  6.53907   0.00119  
  3 1082.3735  49589.524237  x:  2.31535   0.00117  
  4 2174.9340  49546.242347  x:  1.75863   0.00106  
  5  0.0931  49496.451616  x:  1.83972   0.00093  
  6  0.3200  49496.426957  x:  1.85028   0.00093  
  7  0.0292  49496.426843  x:  1.85106   0.00093  
  8  0.0135  49496.426843  x:  1.85107   0.00093  
  9  0.0128  49496.426843  x:  1.85114   0.00093  
 10  0.0131  49496.426843  x:  1.85114   0.00093  