

TREE # 1

  0  0.0000  57369.498760  x:  1.07007   0.99448   1.15452  
  1 99.0000  50098.185571  x: 43.79993   1.99910  399.83342  
  2 50.1204  38359.823225  x: 231.13047  29.20212  999.00000  
  3 1023.3260  38359.823225  x: 231.13047  29.20212  999.00000  
  4 124.5149  35814.414383  x: 386.13239  207.57358  998.47069  
  5 29.5387  35139.727930  x: 623.84802  417.85766  996.04770  
  6 39.6733  35090.585863  x: 752.02898  527.97362  993.86981  
  7 49.8257  35087.377363  x: 751.62704  521.17346  991.74209  
  8  0.8921  35087.377363  x: 751.62704  521.17346  991.74209  
  9 3863.4413  35084.514586  x: 754.41634  517.89534  989.61817  
 10  0.6000  34953.889500  x: 999.00000  229.05887  802.50406  
 11 406.8391  34952.620061  x: 982.63560  248.21204  814.80557  
 12 56.3845  34951.204182  x: 979.92450  247.48228  812.83651  
 13  0.4287  34904.679435  x: 817.51580  207.12775  697.97475  
 14 296.8186  34904.461604  x: 821.82511  201.40422  692.51218  
 15  3.0621  34899.358020  x: 822.28161  202.10160  670.92468  
 16  2.7004  34852.481632  x: 829.05272  217.14467  394.41150  
 17 1871.4316  34847.503262  x: 864.05470  246.59212  399.05695  
 18 45.3177  34847.117146  x: 855.11817  252.58632  386.88526  
 19 19.3675  34847.010054  x: 850.30660  254.77453  393.37159  
 20 16.2744  34847.006474  x: 851.14713  255.76469  393.16538  
 21  1.0505  34847.006473  x: 851.11524  255.77385  393.16331  
 22  0.0442  34847.006472  x: 851.10877  255.77496  393.17970  
 23  0.0202  34847.006472  x: 851.11461  255.77342  393.18274  
 24  0.0042  34847.006472  x: 851.11504  255.77339  393.18334  
 25  0.0015  34847.006472  x: 851.11502  255.77325  393.18385  
 26  0.0003  34847.006472  x: 851.11502  255.77330  393.18375  
 27  0.0003  34847.006472  x: 851.11502  255.77330  393.18375  