

TREE # 1

  0  0.0000 166963.868217  x:  2.00000   1.00000  
  1 99.0000 108418.477509  x:  4.34458   0.00010  
  2 291.1192  91101.217581  x:  7.84025   0.00215  
  3 1737.6446  89046.357682  x:  1.82268   0.00212  
  4 2101.8683  89024.529429  x:  1.55048   0.00204  
  5  0.0437  88960.650767  x:  1.54161   0.00181  
  6  0.0307  88960.616151  x:  1.55176   0.00181  
  7  0.0149  88960.615812  x:  1.55281   0.00181  
  8  0.0029  88960.615812  x:  1.55281   0.00181  
  9  0.0019  88960.615812  x:  1.55281   0.00181  