

TREE # 1

  0  0.0000  50274.580386  x:  0.93511   0.81345   0.96421  
  1 99.0000  40268.150970  x:  2.79305   0.72833   0.00010  
  2  7.2973  39481.060427  x:  2.82545   0.72684   0.00119  
  3 28.7534  25823.982620  x:  3.71657   0.00010   0.00119  
  4 1910.7760  25353.303158  x:  4.75763   0.00068   0.00119  
  5 1563.5926  25084.898390  x:  1.57169   0.00067   0.00117  
  6 438.5654  25008.061138  x:  2.39703   0.00072   0.00164  
  7  0.1640  24992.421843  x:  1.92956   0.00073   0.00171  
  8  1.2600  24992.316611  x:  1.96263   0.00074   0.00172  
  9  0.0148  24992.288508  x:  1.96248   0.00074   0.00173  
 10  0.0002  24992.240550  x:  1.95511   0.00075   0.00173  
 11  0.0043  24992.224168  x:  1.95542   0.00076   0.00172  
 12  0.0003  24992.216765  x:  1.95530   0.00076   0.00171  
 13  0.0000  24992.216765  x:  1.95530   0.00076   0.00171  
 14  0.0002  24992.216765  x:  1.95530   0.00076   0.00171  
 15  0.0001  24992.216765  x:  1.95530   0.00076   0.00171  
 16  0.0002  24992.216765  x:  1.95530   0.00076   0.00171  
 17  0.0008  24992.216765  x:  1.95530   0.00076   0.00171  
check convergence!
