

TREE # 1

  0  0.0000  98691.242162  x:  1.02533   1.10295   1.14122  
  1 99.0000  73512.727174  x: 146.42512  195.88861   1.12714  
  2 30.3836  62258.462988  x: 740.61583  999.00000  38.16059  
  3 22373.5963  62258.462988  x: 740.61583  999.00000  38.16059  
  4 36.3742  61180.401848  x: 751.21072  995.82138  276.44292  
  5 29.8174  61163.732909  x: 760.16706  991.87258  260.73914  
  6  2.3131  61121.495300  x: 802.58155  973.01462  189.12663  
  7 141.0537  61093.300782  x: 827.35496  961.01522  199.94855  
  8  3.6972  61023.257549  x: 999.00000  877.93476  222.94525  
  9 138.4558  61023.257549  x: 999.00000  877.93476  222.94525  
 10  9.1457  61020.326040  x: 996.99923  873.59890  223.79247  
 11  0.6062  60856.264657  x: 816.88571  481.83496  299.65242  
 12 829.0993  60851.123330  x: 818.48341  470.18619  299.83747  
 13  1.4699  60794.634059  x: 924.20189  372.55766  273.96449  
 14 184.3313  60793.538550  x: 934.62389  389.74341  269.90275  
 15 42.7214  60793.445083  x: 939.98349  386.98792  268.50470  
 16  5.7282  60793.436030  x: 939.66783  386.24070  268.94660  
 17  0.1155  60793.393481  x: 939.23496  383.57810  272.13700  
 18  1.7018  60793.332452  x: 942.16957  386.27446  274.37752  
 19  1.3384  60793.332417  x: 942.19943  386.17644  274.44135  
 20  0.1141  60793.332417  x: 942.20010  386.17933  274.44621  