

TREE # 1

  0  0.0000 341925.920950  x:  1.13123   1.09790   0.91856  
  1 99.0000 226168.207133  x: 742.23170  999.00000   0.91978  
  2 432.1946 226168.207133  x: 742.23170  999.00000   0.91978  
  3 578.2556 226017.214872  x: 742.23183  998.99743   0.45538  
  4 419.8873 225968.970863  x: 735.52835  980.41993   0.43906  
  5  2.4687 225187.082866  x: 567.19327  508.04224   0.44730  
  6 2348.6537 225097.006971  x: 550.62081  449.40785   0.28129  
  7 112.9762 225043.679699  x: 584.40108  503.69610   0.25614  
  8 35.7043 224504.571868  x: 700.09146  318.71254   0.60899  
  9 44.0012 224468.271742  x: 717.20914  289.35963   0.49807  
 10 13.8771 224452.237016  x: 728.15153  310.19983   0.44305  
 11 67.9733 224450.857186  x: 719.21486  315.11872   0.43984  
 12  7.2123 224450.810320  x: 718.49618  314.63128   0.43482  
 13  1.3403 224450.810009  x: 718.43919  314.51066   0.43492  
 14  0.1194 224450.810008  x: 718.44181  314.50837   0.43492  
 15  0.0033 224450.810008  x: 718.44205  314.50838   0.43492  