

TREE # 1

  0  0.0000 167125.711542  x:  1.16229   1.10993   1.09694  
  1 99.0000 113681.242062  x: 622.92669  33.98444  211.68915  
  2 82.1604 112899.919403  x: 616.91432  109.52441  212.06317  
  3 36.7709 112391.314548  x: 438.74742  110.89223  152.64194  
  4 35.4021 112377.450957  x: 430.09078  114.49870  163.04418  
  5  1.7507 112374.230321  x: 429.93864  116.12853  173.31540  
  6  8.7687 112373.805081  x: 425.63201  115.59386  173.48447  
  7  4.4633 112372.645880  x: 426.64714  110.33666  175.41001  
  8  1.4105 112372.642190  x: 426.80927  110.33098  175.76423  
  9  0.3448 112372.642178  x: 426.78758  110.33447  175.77114  
 10  0.0226 112372.642178  x: 426.78759  110.33438  175.77124  
 11  0.0003 112372.642178  x: 426.78759  110.33437  175.77124  
 12  0.0005 112372.642178  x: 426.78759  110.33437  175.77124  