

TREE # 1

  0  0.0000 341953.296038  x:  0.96038   1.08544   1.08535  
  1 99.0000 337295.325713  x:  0.00010  20.97217  102.88327  
  2 332.3687 337259.624920  x:  0.00010  45.26274  101.60225  
  3  3.0405 337242.793282  x:  0.00010  98.22167  100.62292  
  4  6.6210 337234.933569  x:  0.00010  205.12450  100.55914  
  5 13.3629 337229.548411  x:  0.00010  459.31930  102.48669  
  6 31.7753 337224.203863  x:  0.00010  999.00000  108.00151  
  7 108.8327 337171.442468  x:  0.00010  999.00000  512.14853  
  8 50.5184 337168.209505  x:  0.00010  999.00000  663.94356  
  9 18.9744 337164.552679  x:  0.00010  999.00000  999.00000  
 10 222.8422 337164.552679  x:  0.00010  999.00000  999.00000  