

TREE # 1

  0  0.0000 341337.142335  x:  2.00000   1.00000  
  1 99.0000 200561.143085  x:  5.47759   0.00010  
  2 1015.7498 179279.011889  x: 17.41021   0.00121  
  3 12779.5316 172085.005485  x:  2.08964   0.00111  
  4 3362.7554 172081.774455  x:  2.00471   0.00111  
  5  0.1362 172008.165620  x:  1.90258   0.00099  
  6  0.2472 172006.465063  x:  1.84705   0.00099  
  7  0.0560 172006.464637  x:  1.84788   0.00099  
  8  0.0016 172006.464610  x:  1.84809   0.00099  
  9  0.0007 172006.464610  x:  1.84809   0.00099  