

TREE # 1

  0  0.0000  57376.358655  x:  0.89208   0.96557   0.80886  
  1 99.0000  57114.664309  x:  0.00010   2.71465   0.80836  
  2 30.4824  57114.664309  x:  0.00010   2.71465   0.80836  
  3  3.8819  56831.572195  x:  0.00010  399.62537   3.60953  
  4 49.6151  56825.032445  x:  0.00010  401.08014  14.37938  
  5  1.3585  56822.539290  x:  0.00010  404.48495  34.82040  
  6  2.5903  56821.269029  x:  0.00010  412.98176  82.01530  
  7  5.9942  56820.545449  x:  0.00010  433.19681  190.91740  
  8 13.8453  56819.764885  x:  0.00010  500.10663  548.46119  
  9 45.4688  56819.223130  x:  0.00010  584.50037  999.00000  
 10 236.2356  56818.052455  x:  0.00010  999.00000  999.00000  