

TREE # 1

  0  0.0000  70685.640375  x:  1.11937   0.94923   0.82777  
  1 99.0000  57921.694197  x:  1.43116   0.92833   0.00010  
  2 46.2732  56753.018237  x:  1.44713   0.92726   0.00082  
  3 18.3803  34516.538538  x:  1.86798   0.00010   0.00083  
  4 432.5484  33664.689516  x:  1.99318   0.00067   0.00083  
  5 204.2094  33383.867686  x:  0.00010   0.00064   0.00079  
  6 113.0624  32323.855415  x:  0.00128   0.00064   0.00079  
  7  1.9930  32195.646890  x:  0.00131   0.00045   0.00064  
  8  0.0001  32195.209641  x:  0.00131   0.00045   0.00065  
  9  0.0000  32194.700195  x:  0.00131   0.00044   0.00067  
 10  0.0000  32194.657234  x:  0.00131   0.00044   0.00066  
 11  0.0000  32194.654529  x:  0.00131   0.00044   0.00066  
 12  0.0000  32194.652838  x:  0.00131   0.00044   0.00066  
 13  0.0000  32194.651445  x:  0.00132   0.00044   0.00066  
 14  0.0000  32194.650414  x:  0.00132   0.00044   0.00066  
 15  0.0000  32194.649776  x:  0.00132   0.00044   0.00066  
 16  0.0000  32194.649421  x:  0.00132   0.00044   0.00066  
 17  0.0000  32194.649190  x:  0.00132   0.00044   0.00066  
 18  0.0000  32194.648748  x:  0.00132   0.00044   0.00066  
 19  0.0000  32194.648736  x:  0.00132   0.00044   0.00066  
 20  0.0000  32194.648733  x:  0.00132   0.00044   0.00066  
 21  0.0000  32194.648732  x:  0.00132   0.00044   0.00066  
 22  0.0000  32194.648732  x:  0.00132   0.00044   0.00066  
 23  0.0000  32194.648732  x:  0.00132   0.00044   0.00066  
 24  0.0000  32194.648732  x:  0.00132   0.00044   0.00066  
 25  0.0000  32194.648732  x:  0.00132   0.00044   0.00066  
check convergence!
