

TREE # 1

  0  0.0000  57328.387238  x:  2.00000   1.00000  
  1 99.0000  33453.891653  x:  9.30827   0.00010  
  2 77.6023  29147.135558  x: 14.56822   0.00140  
  3 4176.4322  28191.222835  x:  2.54227   0.00137  
  4 3196.2360  28184.394338  x:  2.21050   0.00134  
  5  0.2578  28103.501575  x:  1.82422   0.00101  
  6  0.9698  28103.487977  x:  1.83708   0.00101  
  7  0.0355  28103.487977  x:  1.83708   0.00101  
  8  0.0112  28103.487907  x:  1.83803   0.00101  
  9  0.0156  28103.487907  x:  1.83803   0.00101  