

TREE # 1

  0  0.0000 107034.836554  x:  0.95677   1.16292   0.83835  
  1 99.0000  79027.178010  x: 100.74307  402.66645   0.00010  
  2 106.1163  73496.288766  x: 248.95107  999.00000   0.15136  
  3 20552160.5618  73496.288766  x: 248.95107  999.00000   0.15136  
  4 93.9407  73495.355668  x: 248.95185  998.99997   0.14061  
  5 167.4389  72819.892887  x: 344.45689  995.38342   0.24368  
  6 11.9467  72653.875664  x: 452.82339  989.85109   0.36422  
  7 41.6119  72650.719137  x: 453.03471  985.32851   0.39039  
  8  0.5659  72645.476506  x: 455.36974  962.46678   0.50246  
  9 10.3774  72637.698024  x: 472.83797  943.15311   0.53264  
 10  3.2552  72601.922259  x: 620.75767  609.31165   0.93116  
 11 45.6431  72364.731794  x: 610.93403  243.78192   1.30837  
 12 73.2300  72274.514596  x: 502.79925  284.64351   1.18370  
 13 280.8416  72268.622176  x: 495.05292  250.54492   1.19543  
 14 114.6953  72206.711569  x: 507.24024  237.48843   0.62795  
 15  2.2337  72197.993885  x: 506.46322  236.34124   0.47402  
 16 72.0284  72181.555553  x: 465.09240  240.78973   0.38241  
 17 16.6695  72180.638770  x: 462.96101  243.23615   0.41087  
 18  8.3991  72180.613035  x: 463.03606  245.33886   0.40992  
 19  2.8411  72180.612977  x: 462.96623  245.33317   0.40971  
 20  0.0762  72180.612976  x: 462.96940  245.32955   0.40969  
 21  0.0046  72180.612976  x: 462.96941  245.33028   0.40969  
 22  0.0001  72180.612976  x: 462.96941  245.33010   0.40969  