

TREE # 1

  0  0.0000  98691.925001  x:  0.94150   1.16203   0.82569  
  1 99.0000  81963.692426  x:  1.28551   1.15248   0.00010  
  2 42.6581  79798.964466  x:  1.30410   1.15196   0.00091  
  3 18.9389  50915.484125  x:  2.09682   0.00010   0.00092  
  4 561.7515  49517.408113  x:  2.34979   0.00077   0.00093  
  5 440.3852  49466.796350  x:  1.74121   0.00077   0.00092  
  6 230.0184  49444.061139  x:  1.87701   0.00073   0.00105  
  7  0.0201  49443.965480  x:  1.85635   0.00073   0.00105  
  8  0.0284  49443.963512  x:  1.85713   0.00073   0.00105  
  9  0.0010  49443.961939  x:  1.85845   0.00074   0.00105  
 10  0.0066  49443.961644  x:  1.85905   0.00074   0.00105  
 11  0.0067  49443.961605  x:  1.85927   0.00074   0.00105  
 12  0.0063  49443.961600  x:  1.85934   0.00074   0.00105  
 13  0.0061  49443.961599  x:  1.85937   0.00074   0.00105  
 14  0.0060  49443.961599  x:  1.85938   0.00074   0.00105  
 15  0.0060  49443.961599  x:  1.85938   0.00074   0.00105  
 16  0.0061  49443.961586  x:  1.85946   0.00074   0.00105  
 17  0.1640  49443.961586  x:  1.85946   0.00074   0.00105  
 18  0.0037  49443.961586  x:  1.85947   0.00074   0.00105  
 19  0.0036  49443.961586  x:  1.85947   0.00074   0.00105  
 20  0.0034  49443.961586  x:  1.85947   0.00074   0.00105  
 21  0.0033  49443.961586  x:  1.85948   0.00074   0.00105  
 22  0.0032  49443.961586  x:  1.85948   0.00074   0.00105  
 23  0.0031  49443.961586  x:  1.85949   0.00074   0.00105  
 24  0.0029  49443.961586  x:  1.85949   0.00074   0.00105  
 25  0.0028  49443.961585  x:  1.85949   0.00074   0.00105  
 26  0.0026  49443.961585  x:  1.85950   0.00074   0.00105  
 27  0.0025  49443.961585  x:  1.85950   0.00074   0.00105  
 28  0.0023  49443.961585  x:  1.85950   0.00074   0.00105  
 29  0.0021  49443.961585  x:  1.85951   0.00074   0.00105  
 30  0.0019  49443.961585  x:  1.85951   0.00074   0.00105  
 31  0.0018  49443.961585  x:  1.85952   0.00074   0.00105  
 32  0.0016  49443.961585  x:  1.85952   0.00074   0.00105  
 33  0.0014  49443.961585  x:  1.85952   0.00074   0.00105  
 34  0.0012  49443.961585  x:  1.85952   0.00074   0.00105  
 35  0.0009  49443.961584  x:  1.85953   0.00074   0.00105  
 36  0.0007  49443.961584  x:  1.85953   0.00074   0.00105  
 37  0.0005  49443.961584  x:  1.85953   0.00074   0.00105  
 38  0.0003  49443.961584  x:  1.85953   0.00074   0.00105  
 39  0.0000  49443.961584  x:  1.85953   0.00074   0.00105  
 40  0.0002  49443.961583  x:  1.85953   0.00074   0.00105  
 41  0.0005  49443.961583  x:  1.85952   0.00074   0.00105  
 42  0.0007  49443.961583  x:  1.85952   0.00074   0.00105  
 43  0.0010  49443.961583  x:  1.85951   0.00074   0.00105  
 44  0.0013  49443.961582  x:  1.85951   0.00074   0.00105  
 45  0.0015  49443.961582  x:  1.85950   0.00074   0.00105  
 46  0.0018  49443.961582  x:  1.85949   0.00074   0.00105  
 47  0.0020  49443.961581  x:  1.85948   0.00074   0.00105  
 48  0.0023  49443.961581  x:  1.85946   0.00074   0.00105  
 49  0.0025  49443.961580  x:  1.85945   0.00074   0.00105  
 50  0.0028  49443.961580  x:  1.85943   0.00074   0.00105  
 51  0.0030  49443.961579  x:  1.85941   0.00074   0.00105  
 52  0.0032  49443.961579  x:  1.85939   0.00074   0.00105  
 53  0.0034  49443.961578  x:  1.85936   0.00074   0.00105  
 54  0.0035  49443.961577  x:  1.85933   0.00074   0.00105  
 55  0.0037  49443.961576  x:  1.85929   0.00074   0.00105  
 56  0.0038  49443.961576  x:  1.85925   0.00074   0.00105  
 57  0.0038  49443.961575  x:  1.85921   0.00074   0.00105  
 58  0.0038  49443.961574  x:  1.85916   0.00074   0.00105  
 59  0.0038  49443.961573  x:  1.85911   0.00074   0.00105  
 60  0.0037  49443.961572  x:  1.85906   0.00074   0.00105  
 61  0.0035  49443.961570  x:  1.85899   0.00074   0.00105  
 62  0.0033  49443.961569  x:  1.85893   0.00074   0.00105  
 63  0.0030  49443.961568  x:  1.85885   0.00074   0.00105  
 64  0.0026  49443.961566  x:  1.85877   0.00074   0.00105  
 65  0.0021  49443.961565  x:  1.85868   0.00074   0.00105  
 66  0.0016  49443.961563  x:  1.85857   0.00074   0.00105  
 67  0.0009  49443.961557  x:  1.85839   0.00074   0.00105  
 68  0.0002  49443.961557  x:  1.85839   0.00074   0.00105  
 69  0.0013  49443.961553  x:  1.85824   0.00074   0.00105  
 70  0.0114  49443.961553  x:  1.85824   0.00074   0.00105  
 71  0.0025  49443.961553  x:  1.85824   0.00074   0.00105  
 72  0.0838  49443.961553  x:  1.85824   0.00074   0.00105  
 73  0.0000  49443.961553  x:  1.85824   0.00074   0.00105  
 74  0.0000  49443.961553  x:  1.85824   0.00074   0.00105  
check convergence!
