

TREE # 1

  0  0.0000 107038.344843  x:  0.99388   1.11951   1.11204  
  1 99.0000  71171.595302  x: 350.46236  51.72149  640.21999  
  2 91.2712  70619.571987  x: 471.87988  128.00000  779.15888  
  3 33.3353  70597.904317  x: 481.72606  123.13220  770.37776  
  4  1.7578  70532.528015  x: 529.65697  89.85541  704.82769  
  5 101.2466  70495.001371  x: 551.52331  99.47268  670.57149  
  6  5.2203  70299.885940  x: 711.54579  132.94188  279.86436  
  7 204.4050  70253.328330  x: 698.76186  146.20451  203.78452  
  8 68.2685  70107.809011  x: 547.79060  173.22053  219.77860  
  9 280.0132  70101.416857  x: 537.39873  155.93378  207.10745  
 10  7.6901  70099.421951  x: 541.93683  145.78664  216.14945  
 11 18.5669  70099.356210  x: 541.01640  146.80350  218.13193  
 12  3.1290  70099.354918  x: 541.37768  146.79385  218.27013  
 13  0.4654  70099.354893  x: 541.36767  146.75453  218.29761  
 14  0.0549  70099.354893  x: 541.36861  146.75432  218.29733  
 15  0.0004  70099.354893  x: 541.36840  146.75436  218.29740  
 16  0.0006  70099.354893  x: 541.36820  146.75445  218.29747  