

TREE # 1

  0  0.0000  50266.290373  x:  1.18377   0.87585   1.01290  
  1 99.0000  40073.613686  x:  2.26145   0.00010   1.01291  
  2 58.5281  38557.284213  x:  2.41251   0.00127   1.01291  
  3 113.1322  26539.561493  x:  4.19205   0.00128   0.00010  
  4 446.1727  25341.224332  x:  5.38708   0.00129   0.00156  
  5 856.6874  25113.229262  x:  1.96808   0.00127   0.00155  
  6 416.6905  25112.985951  x:  1.91027   0.00126   0.00152  
  7  0.0072  25112.801068  x:  1.94224   0.00125   0.00150  
  8  0.0969  25112.800687  x:  1.94159   0.00125   0.00150  
  9  0.0010  25112.799907  x:  1.94112   0.00125   0.00150  
 10  0.0009  25112.799219  x:  1.94121   0.00126   0.00150  
 11  0.0002  25112.798770  x:  1.94166   0.00126   0.00150  
 12  0.0011  25112.798536  x:  1.94216   0.00126   0.00150  
 13  0.0014  25112.798427  x:  1.94257   0.00126   0.00150  
 14  0.0012  25112.798381  x:  1.94286   0.00126   0.00150  
 15  0.0009  25112.798362  x:  1.94306   0.00126   0.00150  
 16  0.0006  25112.798355  x:  1.94319   0.00126   0.00150  
 17  0.0004  25112.798352  x:  1.94326   0.00126   0.00150  
 18  0.0003  25112.798352  x:  1.94330   0.00126   0.00150  
 19  0.0003  25112.798352  x:  1.94332   0.00126   0.00150  
 20  0.0002  25112.798351  x:  1.94334   0.00126   0.00150  
 21  0.0002  25112.798351  x:  1.94334   0.00126   0.00150  
 22  0.0002  25112.798350  x:  1.94338   0.00126   0.00150  
 23  0.0002  25112.798350  x:  1.94338   0.00126   0.00150  
 24  0.0001  25112.798242  x:  1.94324   0.00126   0.00150  
 25  0.0000  25112.798242  x:  1.94324   0.00126   0.00150  
 26  0.0002  25112.797808  x:  1.94324   0.00126   0.00150  
 27 204.9553  25112.797808  x:  1.94324   0.00126   0.00150  
 28 43188.1359  25112.795502  x:  1.94324   0.00125   0.00150  
 29 2262.4133  25112.795157  x:  1.94324   0.00126   0.00149  
 30 558.7390  25112.794727  x:  1.94045   0.00125   0.00149  
 31  0.3816  25112.794727  x:  1.94043   0.00125   0.00149  
 32  0.0032  25112.794727  x:  1.94043   0.00125   0.00149  
 33  0.0006  25112.794727  x:  1.94043   0.00125   0.00149  
 34  0.0012  25112.794727  x:  1.94043   0.00125   0.00149  
 35  0.0051  25112.794727  x:  1.94043   0.00125   0.00149  
check convergence!
