

TREE # 1

  0  0.0000  70684.519008  x:  1.13302   1.12537   1.06339  
  1 99.0000  64447.234744  x: 33.33085  289.81722   2.24036  
  2 36.3105  50688.039467  x: 165.75615  999.00000   3.84051  
  3 6248.5815  50688.039467  x: 165.75615  999.00000   3.84051  
  4 226.2306  48771.781077  x: 183.80150  998.94881   0.00010  
  5 47.2676  44809.498163  x: 999.00000  996.63614   3.04060  
  6 1048.2693  44800.151435  x: 954.98848  993.82804   3.04086  
  7  5.5126  44795.926832  x: 903.43800  990.20596   3.04131  
  8 62.1494  44794.723675  x: 902.52333  986.88787   3.04282  
  9  0.4302  44622.164790  x: 802.50426  404.57329   3.30885  
 10 7292.3997  44608.718407  x: 841.80341  339.68736   3.33985  
 11 77.7987  44594.370083  x: 911.98635  389.35915   3.31888  
 12 251.9648  44593.983540  x: 921.33428  377.83916   3.32472  
 13 11.8349  44593.953056  x: 920.46498  377.16151   3.32670  
 14  0.1378  44593.543063  x: 908.21413  368.47564   3.37596  
 15  7.3208  44589.673810  x: 907.21997  367.43014   3.56884  
 16  0.1819  44589.673810  x: 907.21997  367.43014   3.56884  
 17 11.7375  42699.505330  x: 907.63083  367.85220  178.51632  
 18 21.8686  42682.202136  x: 908.77510  367.21265  221.72762  
 19  5.4039  42678.919958  x: 909.98098  366.40146  258.15285  
 20 18.5700  42678.633545  x: 910.92919  365.22131  257.49704  
 21  0.2062  42674.674250  x: 937.08938  332.94949  254.04612  
 22 43.6765  42674.512591  x: 938.46472  331.50358  262.99876  
 23  5.6673  42674.506665  x: 937.96594  332.54100  263.02760  
 24  0.1439  42674.442099  x: 939.91154  336.01460  262.76105  
 25  0.4988  42674.373975  x: 946.51674  336.36671  262.02596  
 26  3.3783  42674.370125  x: 946.60537  335.20570  262.07885  
 27  1.0220  42674.370125  x: 946.60542  335.20572  262.07838  
 28  0.0188  42674.370125  x: 946.60542  335.20572  262.07838  
 29  0.0012  42674.370125  x: 946.60542  335.20572  262.07838  
 30  0.1287  42674.370125  x: 946.60542  335.20572  262.07838  